8833657 14520693 9322955 12525256 11262195 8188767
12019176 10232609 11102895 10851068 12168088 12581018
11005099 11260861 12530085 10917054 9231155 9591538
12890810 10611187 7593132 11223541 11020056 11102895
8626706 8675593 8646598 10545285 8188767 10974650
12414625 11704861 9815941 14534541 12960057 12776186
12188907 9831246 12556535 14528284 12360481 12379772
7624149 7959292 7959284 7977648 12112314 7509629
9815544 8609661 7525978 9842972 12150454 14534541
7529048 8732665 7529049 11774034 10232609 11223541
9545345 10674396 10816436 9852124 11559546 9832424
11500939 11559546 10207053 12138094 11594774 11274216
12767520 10699960 9883987 11704861 8626686 11498020
9699666 11559546 10766344 11704861 9056422 10642432
10669726 11546773 9545345 10674396 10847581 9852124
9342439 9342440 9488037 11879554 10430101 12897145
11376126 10967123 12867429 11559546 10602507 11337496
14534541 10319328 11489838 9545345 10077005 11479214
11788654 10229198 11376121 10207053 12447687 12138094
12746329 11713209 10846175 9633824 11278691 12447687
12566306 11559546 9205064 11149601 9545345 12776186
9515800 11872675 11559546 9545345 7788852 7665217
10720068 9821177 11334418 10484052 11287353 9166674
10435587 10757056 9205049 8692980 11689295 11870540
12489029 12360481 8674059 14559833 12068000 12138094
12031683 11368881 11342260 10383152 7589243 10726973
8665514 11145562 9492043 12444079 8710868 12750288
12379772 12374697 12937141 10690548 10777488 8909524
10766344 11950959 11896447 8692980 10676665 11559546
8145772 8923458 9671232 11559546 8828463 9205064
8710868 12444079 8873895 10720440 8175666 7791758
12641820 11081412 7593132 11161964 9640416 9387030
12105987 12566306 11923875 11494131 12489029 12876069
10851068 11212254 12019176 11145562 11278691 11313980
9056422 9205064 9815941 11559546 11479214 9311601
11988840 12937141 12545153 12482909 12754739 12855680
12447687 12138094 11500939 10207053 11788654 12888657
11577168 12767520 12917202 12417786 12466336 10234899
8595162 9553667 8616829 10619489 8616830 11457860
11885994 12195157 10830573 10849571 9413957 11223541
8607861 9766646 11205897 9815813 11291931 9333017
10919668 11071655 11559546 12538620 11023522 11416032
9815941 9056422 9205064 11559546 9311601 11479214
10791772 11559546 9516080 11102895 11479214 10319328
9516080 11559546 9056422 10791772 11102895 12438247
11149601 11559546 9545345 10674396 11245436 12566306
11828267 11267857 12473592 9842972 12473575 8609661
9311601 9205064 11559546 9056422 9815941 9852124
8286193 7529048 8732665 9331099 9413807 9331100
9394418 9704714 9469330 11859875 10507775 11398888
10459850 10940495 7527408 7523316 11041233 9357999
12193537 8620490 8796841 9130892 8205537 7627387
10985759 9048593 10569999 9729323 9539310 10092114
10674396 11384880 9892013 9545345 12503617 10499513
10401676 10430101 11376121 12138094 11788654 8205537
12360481 14559833 12489029 14583467 8674059 12068000
10950308 11001824 8989772 9076342 12767520 7497000
10676665 11896447 11950959 8692980 10766344 8069850
12543777 12372686 11163495 12750239 12910533 10734317
10229198 11788654 10207053 12447687 12138094 11376121
12941837 8674059 11752009 10766344 8806109 14559833
9205064 11559546 10207105 11872675 9852124 12776186
11212254 12592384 12149650 11559546 12876289 11309283
8692980 11145562 7758167 11950959 8625368 9159164
11453542 11778548 11716549 9679929 11781836 8620490
10026153 11884618 9202243 9452421 9506989 8603569
10427145 9205064 11559546 11145572 9150190 11940579
11694888 11591350 10368301 9312016 11124964 11135668
12374697 12379772 12937141 10931447 10777488 12746434
12937141 12374697 12379772 12593846 12401798 12533667
12438247 9056422 7664648 11704861 9516080 9699666
12888657 12571082 11559546 12121883 14522909 11416032
11559546 12566306 12776186 12543789 11245436 9205064
14520693 11559546 8833657 12149131 12566306 8188767
11507082 10232609 10850457 10830316 12839944 12539223
7743492 8646598 8620490 9322955 12937141 9539310
9413807 10702400 7585609 8883970 9408753 12547158
10430101 10401676 12138094 11559546 11149601 11102895
9766646 8607861 10674396 9545345 9648831 9832424
10438568 10430101 12138094 12374697 11278392 9622092
11245436 11559546 10674396 12543789 11228049 12592384
10207053 12138094 11500939 11559546 10229198 11884618
7664648 11950959 7758167 10766344 8174129 12438247
11384880 10674396 9892013 10499513 9065466 9545345
9850076 11950959 10766344 11150434 10766352 10383152
11102895 11559546 11479214 9205064 10319328 10791772
7525978 1
12592384 1
9469330 1
9842972 1
9671232 1
10777488 1
10232609 1
7523316 1
12545153 1
7627387 1
10611187 1
11376121 1
12444079 1
11704861 1
11689295 1
11479214 1
10830316 1
12138094 1
11291931 1
11546773 1
12530085 1
11774034 1
12417786 1
10619489 1
10850457 1
9331100 1
9831246 1
10507775 1
7959292 1
9539310 1
9821177 1
7788852 1
12917202 1
9679929 1
9883987 1
12538620 1
10499513 1
12525256 1
12556535 1
11274216 1
11278392 1
10931447 1
12539223 1
11716549 1
9150190 1
12372686 1
10699960 1
10319328 1
10207105 1
8616829 1
12068000 1
11023522 1
9048593 1
9387030 1
8069850 1
12750288 1
9452421 1
11267857 1
10234899 1
11150434 1
11223541 1
10368301 1
8620490 1
9648831 1
12876069 1
7589243 1
11278691 1
11313980 1
11884618 1
11896447 1
10569999 1
7529049 1
11872675 1
10383152 1
8603569 1
11752009 1
11368881 1
8883970 1
11923875 1
8923458 1
8796841 1
12482909 1
11001824 1
9312016 1
8646598 1
12533667 1
11457860 1
8989772 1
8806109 1
9166674 1
7593132 1
12543789 1
8188767 1
10917054 1
11081412 1
12195157 1
9622092 1
10974650 1
11161964 1
11228049 1
12401798 1
11135668 1
12960057 1
10484052 1
9815813 1
12867429 1
12855680 1
11950959 1
10602507 1
9729323 1
11859875 1
10816436 1
12168088 1
10766352 1
8616830 1
9591538 1
12593846 1
11591350 1
12121883 1
11020056 1
9892013 1
12149650 1
12910533 1
7977648 1
11205897 1
11494131 1
9357999 1
14559833 1
8174129 1
12581018 1
11778548 1
10940495 1
9492043 1
9408753 1
9065466 1
12571082 1
11260861 1
8609661 1
12547158 1
7497000 1
11416032 1
12112314 1
9333017 1
8626686 1
12150454 1
10726973 1
9342440 1
11309283 1
14583467 1
11334418 1
9130892 1
10734317 1
10967123 1
10849571 1
11940579 1
14528284 1
8674059 1
9488037 1
7509629 1
12466336 1
12876289 1
11163495 1
7959284 1
9205049 1
12473575 1
8175666 1
7527408 1
8205537 1
12149131 1
12897145 1
11041233 1
9322955 1
8873895 1
10077005 1
12776186 1
7585609 1
10642432 1
8732665 1
11870540 1
9640416 1
10702400 1
9413957 1
10830573 1
10092114 1
11124964 1
11398888 1
10545285 1
10757056 1
10690548 1
8675593 1
11879554 1
10846175 1
9506989 1
9832424 1
12839944 1
11489838 1
7758167 1
11342260 1
11713209 1
8909524 1
14522909 1
11262195 1
7791758 1
11594774 1
9231155 1
9633824 1
10720440 1
11781836 1
11337496 1
11145572 1
9553667 1
8828463 1
7665217 1
8625368 1
9331099 1
12503617 1
9159164 1
11498020 1
9202243 1
9704714 1
9852124 1
12750239 1
11287353 1
12746434 1
10847581 1
11071655 1
11145562 1
9076342 1
12473592 1
12754739 1
1 1
