1
11559546
9205064
12776186
12138094
9545345
12566306
10674396
12543789
9852124
11245436
11479214
9056422
11950959
11102895
10207053
10766344
11872675
12937141
10319328
11704861
9815941
12379772
12374697
11376121
11788654
10207105
11149601
9832424
9892013
10499513
12447687
8692980
9311601
10229198
12592384
11145562
11500939
8674059
14559833
10791772
10777488
8188767
10232609
10816436
11896447
10430101
11884618
11223541
9516080
8620490
7758167
11384880
12503617
12068000
12438247
11228049
12489029
12360481
11416032
8205537
9322955
11278691
12444079
8732665
9842972
7593132
14534541
8609661
10383152
8646598
12767520
9539310
10676665
12401798
12593846
12533667
10931447
8909524
10690548
12746434
12888657
9159164
8625368
11594774
11274216
10401676
9065466
7664648
9699666
14583467
9883987
10699960
8626686
10077005
11489838
11498020
8069850
12121883
12571082
14522909
10642432
8174129
11212254
11262195
9333017
12876289
12525256
9766646
12149650
9815813
12168088
12019176
11291931
11205897
12581018
8607861
9648831
14520693
8833657
11313980
11309283
10851068
12149131
8883970
7791758
7585609
9408753
7529049
10720440
8873895
8175666
12547158
11774034
10702400
11023522
10734317
11870540
10846175
9679929
10569999
11879554
12195157
10507775
10611187
11260861
12917202
11267857
11546773
12473592
9202243
11145572
12466336
9553667
7589243
8796841
8806109
9492043
10602507
10619489
10545285
11689295
9640416
9312016
8710868
9331099
11278392
11368881
12545153
12876069
8616830
11398888
9205049
7788852
11337496
11713209
10092114
9506989
9130892
12539223
11124964
7959292
11161964
12530085
9076342
12855680
12112314
12754739
11041233
12473575
11591350
8989772
9150190
9048593
10940495
9831246
7523316
12750288
11287353
12867429
10974650
11342260
10849571
12750239
10830573
11752009
11716549
8675593
11940579
9413807
12482909
9704714
11020056
8923458
9671232
11494131
14528284
11457860
8603569
9452421
9413957
11081412
10850457
11163495
12897145
7665217
9342440
8828463
10917054
12538620
10766352
7529048
9488037
11071655
7525978
8616829
9231155
10726973
9387030
11150434
10757056
9331100
7509629
9729323
10967123
9357999
7527408
9469330
11859875
12372686
7977648
12960057
7627387
9633824
9166674
9821177
10484052
7497000
10234899
10847581
11001824
11781836
7959284
12839944
11334418
11923875
10368301
11135668
12910533
12556535
11778548
10830316
9591538
9622092
12417786
12150454
11577168
12543777
9815544
10720068
11453542
11885994
12746329
10919668
10435587
9342439
11828267
9515800
11988840
12105987
12031683
12941837
11507082
7743492
7624149
12641820
12193537
8286193
11694888
12188907
8595162
12414625
10950308
10026153
9394418
10669726
8145772
10985759
8626706
10438568
10427145
12890810
11005099
9850076
8665514
11376126
10459850
