8709207
11287582
9650960
 12610128
8553535
12518224
11044077
11160736
12560332
12857908
11886254
9420209
12663788
7933109
11163673
8289365
9018146
11878901
9784363
9568045
10873782
10364381
7831768
7491757
11158207
11602792
12050360
10233949
11145916
10559364
11040122
11581419
11499923
11243812
9060658
11883199
12566713
9465097
7523700
9811779
10364505
12033775
7494284
8615005
7666533
8551571
9372953
9557678
10362134
12663770
8200503
12033769
7561785
14517069
8764516
12208977
8178438
12706096
8139029
8601783
10971133
12890615
9343214
9261437
9298727
10918034
9469843
9311816
12584306
8973339
7595373
8825715
9060652
9032384
11289806
10573627
8957670
9234794
8806551
11682199
7745672
7778283
9636375
7815562
12482659
12840887
11967289
8957669
11121865
12533712
8525612
10712890
8151305