0.003094
0.003354
0.012242
0.002195
0.010710
0.006816
0.003354
0.009912
0.008665
0.002964
0.002195
0.004520
0.007516
0.004520
0.002195
0.004146
0.002195
0.012831
0.002195
0.002195
0.002195
0.004750
0.002645
0.018373
0.003094
0.002645
0.013121
0.002195
0.006932
0.011477
0.002195
0.002195
0.002964
0.006517
0.004818
0.002645
0.002195
0.002195
0.002195
0.003473
0.002662
0.005531
0.002645
0.002662
0.003003
0.002568
0.003035
0.002964
0.002195
0.003303
0.004344
0.002568
0.006065
0.003837
0.002568
0.003303
0.003620
0.002568
0.002662
0.002662
0.002765
0.002765
0.003473
0.002721
0.002942
0.002765
0.002568
0.002568
0.002645
0.002645
0.002645
0.004651
0.003337
0.002195
0.004253
0.012974
0.002568
0.002765
0.002568
0.002721
0.003247
0.003354
0.002645
0.002568
0.002568
0.002568
0.002568
0.003468
0.003473
0.002568
0.002662
0.002568
0.002645
0.998814
